seed,role,n_trials,n_trees,frac_trees,n_mean,C1_mean,C2_mean,lambda_fdm,q_fdm,C1_norm_mean,C1_norm_std,C2_norm_mean,C2_norm_std
Li,terminator,100,23,0.23,6.0,2.363353669902557,3.9705547403982298,0.6,1.5,0.12981298744639702,0.00893029337254051,0.3946140159195767,0.19356705343572392
Na,terminator,100,30,0.3,6.833333333333333,2.785845687831584,4.3336018732324675,0.6,1.5,0.12886371152952553,0.008888046645392075,0.3567203583783375,0.20096592961947488
K,terminator,100,33,0.33,5.757575757575758,2.226657689451621,3.883173037615907,0.6,1.5,0.1301912264479188,0.009431036005342971,0.40236970002916633,0.19704813138236493
Be,bridge,100,91,0.91,9.43956043956044,4.240362097951544,4.836959304092271,0.6,1.5,0.12470830226616174,0.008621660285753733,0.2828150501189329,0.18956524885668868
Mg,bridge,100,91,0.91,7.5054945054945055,3.1031364331352145,4.339141991647985,0.6,1.5,0.12579646875524536,0.0089406711520433,0.31782084239890873,0.18519050649827895
Ca,bridge,100,96,0.96,8.96875,3.910160384029353,4.800789870879607,0.6,1.5,0.12425714572733575,0.00882812499963343,0.2829806920849496,0.1855413813616295
C,hub,100,100,1.0,17.97,9.203150744586905,6.257501191361009,0.6,1.5,0.11864543327332791,0.0035952238088734034,0.09980704173818403,0.04852309926604163
N,hub,100,100,1.0,14.2,6.892742813227227,5.761342634903298,0.6,1.5,0.11928403563055898,0.004426490172556632,0.1507397864671231,0.09294635955316824
O,bridge,100,89,0.89,9.02247191011236,4.014889080265742,4.683150672230571,0.6,1.5,0.12569083347413396,0.00905596406483498,0.2992953452829887,0.20047095480134797
Si,hub,100,98,0.98,8.693877551020408,3.563624779844791,4.596656290460878,0.6,1.5,0.12109235784323705,0.0064193013695225,0.22079353651058437,0.1249639398621499
P,hub,100,100,1.0,13.33,6.315401502424361,5.69818063269083,0.6,1.5,0.11962575523784874,0.004565453727929152,0.15334315898873885,0.09462443242940384
S,bridge,100,93,0.93,8.623655913978494,3.6769615669435893,4.762895127418509,0.6,1.5,0.12429204475289357,0.008415653630663206,0.2819410465150147,0.17972101721081987


Summary:
- FDM parameters: lambda=0.6, q=1.5
- role=bridge: C1_norm_mean=0.1249, C2_norm_mean=0.2930
- role=hub: C1_norm_mean=0.1197, C2_norm_mean=0.1562
- role=terminator: C1_norm_mean=0.1296, C2_norm_mean=0.3846
